sakura.surface.alias
{
	100,[0]
	101,[1]
	102,[2]
	103,[3]
	105,[5]
	107,[6]
	120,[2]
	2000,[0]
	2001,[1]
	2002,[2]
	2003,[3]
	2004,[4]
	2005,[5]
	2006,[6]
	2007,[7]
	2100,[0]
	2101,[1]
	2102,[2]
	2103,[3]
	2105,[5]
	2107,[7]
	2120,[2]
	3000,[0]
	3001,[1]
	3002,[2]
	3003,[3]
	3005,[5]
	3006,[6]
	3007,[7]
	3100,[0]
	3101,[1]
	3102,[2]
	3103,[3]
	3105,[5]
	3107,[7]
	3120,[2]
	4000,[0]
	4001,[1]
	4002,[2]
	4003,[3]
	4005,[5]
	4006,[6]
	4007,[7]
	4120,[2]
	5000,[0]
	5001,[1]
	5002,[2]
	5003,[3]
	5005,[5]
	5006,[6]
	5007,[7]
	5100,[0]
	5101,[1]
	5102,[2]
	5103,[3]
	5105,[5]
	5106,[6]
	5107,[7]
	5120,[2]
	6000,[0]
	6001,[1]
	6002,[2]
	6003,[3]
	6005,[5]
	6006,[6]
	6007,[7]
	6120,[2]
	7000,[0]
	7001,[1]
	7002,[2]
	7003,[3]
	7005,[5]
	7006,[6]
	7007,[7]
	7100,[0]
	7101,[1]
	7102,[2]
	7103,[3]
	7105,[5]
	7107,[7]
	7120,[2]
	9000,[0]
	9003,[3]
	9006,[6]
	9063,[3]
	9066,[6]
}
